{"knot_index": 1, "original_crossings": 22, "flipped_indices": [0], "rl_unknot_success": false, "min_crossings_found": 9, "best_pd_list": [[11, 5, 12, 4], [13, 3, 14, 2], [15, 9, 16, 8], [17, 7, 0, 6], [1, 11, 2, 10], [3, 13, 4, 12], [5, 15, 6, 14], [7, 17, 8, 16], [9, 1, 10, 0]], "flipped_pd_list": [[17, 24, 16, 23], [17, 23, 18, 22], [21, 14, 22, 15], [15, 18, 16, 19], [13, 37, 14, 36], [9, 39, 10, 38], [7, 29, 8, 28], [1, 35, 2, 34], [41, 25, 42, 24], [37, 11, 38, 10], [35, 9, 36, 8], [29, 7, 30, 6], [27, 1, 28, 0], [19, 20, 20, 21], [33, 3, 34, 2], [32, 3, 33, 4], [11, 13, 12, 12], [40, 40, 41, 39], [26, 43, 27, 0], [25, 43, 26, 42], [31, 5, 32, 4], [30, 5, 31, 6]]}
{"knot_index": 2, "original_crossings": 22, "flipped_indices": [1], "rl_unknot_success": false, "min_crossings_found": 9, "best_pd_list": [[11, 5, 12, 4], [13, 3, 14, 2], [15, 9, 16, 8], [17, 7, 0, 6], [1, 11, 2, 10], [3, 13, 4, 12], [5, 15, 6, 14], [7, 17, 8, 16], [9, 1, 10, 0]], "flipped_pd_list": [[23, 17, 24, 16], [23, 18, 22, 17], [21, 14, 22, 15], [15, 18, 16, 19], [13, 37, 14, 36], [9, 39, 10, 38], [7, 29, 8, 28], [1, 35, 2, 34], [41, 25, 42, 24], [37, 11, 38, 10], [35, 9, 36, 8], [29, 7, 30, 6], [27, 1, 28, 0], [19, 20, 20, 21], [33, 3, 34, 2], [32, 3, 33, 4], [11, 13, 12, 12], [40, 40, 41, 39], [26, 43, 27, 0], [25, 43, 26, 42], [31, 5, 32, 4], [30, 5, 31, 6]]}
{"knot_index": 3, "original_crossings": 22, "flipped_indices": [2], "rl_unknot_success": false, "min_crossings_found": 9, "best_pd_list": [[11, 5, 12, 4], [13, 3, 14, 2], [15, 9, 16, 8], [17, 7, 0, 6], [1, 11, 2, 10], [3, 13, 4, 12], [5, 15, 6, 14], [9, 1, 10, 0], [7, 17, 8, 16]], "flipped_pd_list": [[23, 17, 24, 16], [17, 23, 18, 22], [14, 22, 15, 21], [15, 18, 16, 19], [13, 37, 14, 36], [9, 39, 10, 38], [7, 29, 8, 28], [1, 35, 2, 34], [41, 25, 42, 24], [37, 11, 38, 10], [35, 9, 36, 8], [29, 7, 30, 6], [27, 1, 28, 0], [19, 20, 20, 21], [33, 3, 34, 2], [32, 3, 33, 4], [11, 13, 12, 12], [40, 40, 41, 39], [26, 43, 27, 0], [25, 43, 26, 42], [31, 5, 32, 4], [30, 5, 31, 6]]}
{"knot_index": 4, "original_crossings": 22, "flipped_indices": [3], "rl_unknot_success": false, "min_crossings_found": 9, "best_pd_list": [[11, 5, 12, 4], [13, 3, 14, 2], [15, 9, 16, 8], [17, 7, 0, 6], [1, 11, 2, 10], [3, 13, 4, 12], [5, 15, 6, 14], [9, 1, 10, 0], [7, 17, 8, 16]], "flipped_pd_list": [[23, 17, 24, 16], [17, 23, 18, 22], [21, 14, 22, 15], [18, 16, 19, 15], [13, 37, 14, 36], [9, 39, 10, 38], [7, 29, 8, 28], [1, 35, 2, 34], [41, 25, 42, 24], [37, 11, 38, 10], [35, 9, 36, 8], [29, 7, 30, 6], [27, 1, 28, 0], [19, 20, 20, 21], [33, 3, 34, 2], [32, 3, 33, 4], [11, 13, 12, 12], [40, 40, 41, 39], [26, 43, 27, 0], [25, 43, 26, 42], [31, 5, 32, 4], [30, 5, 31, 6]]}
{"knot_index": 5, "original_crossings": 22, "flipped_indices": [4], "rl_unknot_success": false, "min_crossings_found": 11, "best_pd_list": [[10, 16, 11, 15], [14, 12, 15, 11], [12, 17, 13, 18], [16, 13, 17, 14], [18, 4, 19, 3], [20, 8, 21, 7], [0, 6, 1, 5], [2, 10, 3, 9], [4, 20, 5, 19], [6, 0, 7, 21], [8, 2, 9, 1]], "flipped_pd_list": [[23, 17, 24, 16], [17, 23, 18, 22], [21, 14, 22, 15], [15, 18, 16, 19], [37, 14, 36, 13], [9, 39, 10, 38], [7, 29, 8, 28], [1, 35, 2, 34], [41, 25, 42, 24], [37, 11, 38, 10], [35, 9, 36, 8], [29, 7, 30, 6], [27, 1, 28, 0], [19, 20, 20, 21], [33, 3, 34, 2], [32, 3, 33, 4], [11, 13, 12, 12], [40, 40, 41, 39], [26, 43, 27, 0], [25, 43, 26, 42], [31, 5, 32, 4], [30, 5, 31, 6]]}
{"knot_index": 6, "original_crossings": 22, "flipped_indices": [5], "rl_unknot_success": false, "min_crossings_found": 11, "best_pd_list": [[10, 16, 11, 15], [14, 12, 15, 11], [12, 17, 13, 18], [16, 13, 17, 14], [18, 4, 19, 3], [20, 8, 21, 7], [0, 6, 1, 5], [2, 10, 3, 9], [4, 20, 5, 19], [6, 0, 7, 21], [8, 2, 9, 1]], "flipped_pd_list": [[23, 17, 24, 16], [17, 23, 18, 22], [21, 14, 22, 15], [15, 18, 16, 19], [13, 37, 14, 36], [39, 10, 38, 9], [7, 29, 8, 28], [1, 35, 2, 34], [41, 25, 42, 24], [37, 11, 38, 10], [35, 9, 36, 8], [29, 7, 30, 6], [27, 1, 28, 0], [19, 20, 20, 21], [33, 3, 34, 2], [32, 3, 33, 4], [11, 13, 12, 12], [40, 40, 41, 39], [26, 43, 27, 0], [25, 43, 26, 42], [31, 5, 32, 4], [30, 5, 31, 6]]}
{"knot_index": 7, "original_crossings": 22, "flipped_indices": [6], "rl_unknot_success": false, "min_crossings_found": 11, "best_pd_list": [[10, 16, 11, 15], [14, 12, 15, 11], [12, 17, 13, 18], [16, 13, 17, 14], [18, 6, 19, 5], [20, 4, 21, 3], [0, 8, 1, 7], [2, 10, 3, 9], [4, 20, 5, 19], [6, 0, 7, 21], [8, 2, 9, 1]], "flipped_pd_list": [[23, 17, 24, 16], [17, 23, 18, 22], [21, 14, 22, 15], [15, 18, 16, 19], [13, 37, 14, 36], [9, 39, 10, 38], [29, 8, 28, 7], [1, 35, 2, 34], [41, 25, 42, 24], [37, 11, 38, 10], [35, 9, 36, 8], [29, 7, 30, 6], [27, 1, 28, 0], [19, 20, 20, 21], [33, 3, 34, 2], [32, 3, 33, 4], [11, 13, 12, 12], [40, 40, 41, 39], [26, 43, 27, 0], [25, 43, 26, 42], [31, 5, 32, 4], [30, 5, 31, 6]]}
{"knot_index": 8, "original_crossings": 22, "flipped_indices": [7], "rl_unknot_success": false, "min_crossings_found": 11, "best_pd_list": [[10, 16, 11, 15], [14, 12, 15, 11], [12, 17, 13, 18], [16, 13, 17, 14], [18, 6, 19, 5], [20, 4, 21, 3], [0, 8, 1, 7], [2, 10, 3, 9], [4, 20, 5, 19], [6, 0, 7, 21], [8, 2, 9, 1]], "flipped_pd_list": [[23, 17, 24, 16], [17, 23, 18, 22], [21, 14, 22, 15], [15, 18, 16, 19], [13, 37, 14, 36], [9, 39, 10, 38], [7, 29, 8, 28], [35, 2, 34, 1], [41, 25, 42, 24], [37, 11, 38, 10], [35, 9, 36, 8], [29, 7, 30, 6], [27, 1, 28, 0], [19, 20, 20, 21], [33, 3, 34, 2], [32, 3, 33, 4], [11, 13, 12, 12], [40, 40, 41, 39], [26, 43, 27, 0], [25, 43, 26, 42], [31, 5, 32, 4], [30, 5, 31, 6]]}
{"knot_index": 9, "original_crossings": 22, "flipped_indices": [8], "rl_unknot_success": false, "min_crossings_found": 11, "best_pd_list": [[8, 14, 9, 13], [12, 10, 13, 9], [10, 15, 11, 16], [14, 11, 15, 12], [16, 4, 17, 3], [18, 2, 19, 1], [20, 8, 21, 7], [0, 6, 1, 5], [2, 18, 3, 17], [4, 20, 5, 19], [6, 0, 7, 21]], "flipped_pd_list": [[23, 17, 24, 16], [17, 23, 18, 22], [21, 14, 22, 15], [15, 18, 16, 19], [13, 37, 14, 36], [9, 39, 10, 38], [7, 29, 8, 28], [1, 35, 2, 34], [25, 42, 24, 41], [37, 11, 38, 10], [35, 9, 36, 8], [29, 7, 30, 6], [27, 1, 28, 0], [19, 20, 20, 21], [33, 3, 34, 2], [32, 3, 33, 4], [11, 13, 12, 12], [40, 40, 41, 39], [26, 43, 27, 0], [25, 43, 26, 42], [31, 5, 32, 4], [30, 5, 31, 6]]}
{"knot_index": 10, "original_crossings": 22, "flipped_indices": [9], "rl_unknot_success": false, "min_crossings_found": 11, "best_pd_list": [[9, 15, 10, 14], [13, 11, 14, 10], [11, 16, 12, 17], [15, 12, 16, 13], [17, 3, 18, 2], [19, 7, 20, 6], [21, 5, 0, 4], [1, 9, 2, 8], [3, 19, 4, 18], [7, 1, 8, 0], [5, 21, 6, 20]], "flipped_pd_list": [[23, 17, 24, 16], [17, 23, 18, 22], [21, 14, 22, 15], [15, 18, 16, 19], [13, 37, 14, 36], [9, 39, 10, 38], [7, 29, 8, 28], [1, 35, 2, 34], [41, 25, 42, 24], [11, 38, 10, 37], [35, 9, 36, 8], [29, 7, 30, 6], [27, 1, 28, 0], [19, 20, 20, 21], [33, 3, 34, 2], [32, 3, 33, 4], [11, 13, 12, 12], [40, 40, 41, 39], [26, 43, 27, 0], [25, 43, 26, 42], [31, 5, 32, 4], [30, 5, 31, 6]]}
{"knot_index": 11, "original_crossings": 22, "flipped_indices": [10], "rl_unknot_success": false, "min_crossings_found": 11, "best_pd_list": [[10, 16, 11, 15], [14, 12, 15, 11], [12, 17, 13, 18], [16, 13, 17, 14], [20, 4, 21, 3], [0, 8, 1, 7], [2, 10, 3, 9], [4, 20, 5, 19], [6, 2, 7, 1], [18, 6, 19, 5], [8, 0, 9, 21]], "flipped_pd_list": [[23, 17, 24, 16], [17, 23, 18, 22], [21, 14, 22, 15], [15, 18, 16, 19], [13, 37, 14, 36], [9, 39, 10, 38], [7, 29, 8, 28], [1, 35, 2, 34], [41, 25, 42, 24], [37, 11, 38, 10], [9, 36, 8, 35], [29, 7, 30, 6], [27, 1, 28, 0], [19, 20, 20, 21], [33, 3, 34, 2], [32, 3, 33, 4], [11, 13, 12, 12], [40, 40, 41, 39], [26, 43, 27, 0], [25, 43, 26, 42], [31, 5, 32, 4], [30, 5, 31, 6]]}
{"knot_index": 12, "original_crossings": 22, "flipped_indices": [11], "rl_unknot_success": false, "min_crossings_found": 11, "best_pd_list": [[9, 15, 10, 14], [13, 11, 14, 10], [11, 16, 12, 17], [15, 12, 16, 13], [17, 5, 18, 4], [19, 3, 20, 2], [21, 7, 0, 6], [1, 9, 2, 8], [3, 19, 4, 18], [5, 21, 6, 20], [7, 1, 8, 0]], "flipped_pd_list": [[23, 17, 24, 16], [17, 23, 18, 22], [21, 14, 22, 15], [15, 18, 16, 19], [13, 37, 14, 36], [9, 39, 10, 38], [7, 29, 8, 28], [1, 35, 2, 34], [41, 25, 42, 24], [37, 11, 38, 10], [35, 9, 36, 8], [7, 30, 6, 29], [27, 1, 28, 0], [19, 20, 20, 21], [33, 3, 34, 2], [32, 3, 33, 4], [11, 13, 12, 12], [40, 40, 41, 39], [26, 43, 27, 0], [25, 43, 26, 42], [31, 5, 32, 4], [30, 5, 31, 6]]}
{"knot_index": 13, "original_crossings": 22, "flipped_indices": [12], "rl_unknot_success": false, "min_crossings_found": 11, "best_pd_list": [[8, 14, 9, 13], [12, 10, 13, 9], [10, 15, 11, 16], [14, 11, 15, 12], [16, 4, 17, 3], [18, 2, 19, 1], [20, 8, 21, 7], [0, 6, 1, 5], [2, 18, 3, 17], [4, 20, 5, 19], [6, 0, 7, 21]], "flipped_pd_list": [[23, 17, 24, 16], [17, 23, 18, 22], [21, 14, 22, 15], [15, 18, 16, 19], [13, 37, 14, 36], [9, 39, 10, 38], [7, 29, 8, 28], [1, 35, 2, 34], [41, 25, 42, 24], [37, 11, 38, 10], [35, 9, 36, 8], [29, 7, 30, 6], [1, 28, 0, 27], [19, 20, 20, 21], [33, 3, 34, 2], [32, 3, 33, 4], [11, 13, 12, 12], [40, 40, 41, 39], [26, 43, 27, 0], [25, 43, 26, 42], [31, 5, 32, 4], [30, 5, 31, 6]]}
{"knot_index": 14, "original_crossings": 22, "flipped_indices": [13], "rl_unknot_success": false, "min_crossings_found": 13, "best_pd_list": [[11, 17, 12, 16], [15, 13, 16, 12], [13, 18, 14, 19], [17, 14, 18, 15], [19, 5, 20, 4], [21, 3, 22, 2], [23, 9, 24, 8], [25, 7, 0, 6], [1, 11, 2, 10], [3, 21, 4, 20], [5, 23, 6, 22], [7, 25, 8, 24], [9, 1, 10, 0]], "flipped_pd_list": [[23, 17, 24, 16], [17, 23, 18, 22], [21, 14, 22, 15], [15, 18, 16, 19], [13, 37, 14, 36], [9, 39, 10, 38], [7, 29, 8, 28], [1, 35, 2, 34], [41, 25, 42, 24], [37, 11, 38, 10], [35, 9, 36, 8], [29, 7, 30, 6], [27, 1, 28, 0], [20, 20, 21, 19], [33, 3, 34, 2], [32, 3, 33, 4], [11, 13, 12, 12], [40, 40, 41, 39], [26, 43, 27, 0], [25, 43, 26, 42], [31, 5, 32, 4], [30, 5, 31, 6]]}
{"knot_index": 15, "original_crossings": 22, "flipped_indices": [14], "rl_unknot_success": false, "min_crossings_found": 11, "best_pd_list": [[10, 16, 11, 15], [14, 12, 15, 11], [12, 17, 13, 18], [16, 13, 17, 14], [18, 6, 19, 5], [20, 4, 21, 3], [0, 8, 1, 7], [2, 10, 3, 9], [4, 20, 5, 19], [6, 0, 7, 21], [8, 2, 9, 1]], "flipped_pd_list": [[23, 17, 24, 16], [17, 23, 18, 22], [21, 14, 22, 15], [15, 18, 16, 19], [13, 37, 14, 36], [9, 39, 10, 38], [7, 29, 8, 28], [1, 35, 2, 34], [41, 25, 42, 24], [37, 11, 38, 10], [35, 9, 36, 8], [29, 7, 30, 6], [27, 1, 28, 0], [19, 20, 20, 21], [3, 34, 2, 33], [32, 3, 33, 4], [11, 13, 12, 12], [40, 40, 41, 39], [26, 43, 27, 0], [25, 43, 26, 42], [31, 5, 32, 4], [30, 5, 31, 6]]}
{"knot_index": 16, "original_crossings": 22, "flipped_indices": [15], "rl_unknot_success": false, "min_crossings_found": 15, "best_pd_list": [[13, 19, 14, 18], [17, 15, 18, 14], [15, 20, 16, 21], [19, 16, 20, 17], [21, 5, 22, 4], [23, 3, 24, 2], [25, 11, 26, 10], [29, 7, 0, 6], [1, 13, 2, 12], [3, 23, 4, 22], [5, 25, 6, 24], [9, 27, 10, 26], [11, 1, 12, 0], [7, 29, 8, 28], [27, 9, 28, 8]], "flipped_pd_list": [[23, 17, 24, 16], [17, 23, 18, 22], [21, 14, 22, 15], [15, 18, 16, 19], [13, 37, 14, 36], [9, 39, 10, 38], [7, 29, 8, 28], [1, 35, 2, 34], [41, 25, 42, 24], [37, 11, 38, 10], [35, 9, 36, 8], [29, 7, 30, 6], [27, 1, 28, 0], [19, 20, 20, 21], [33, 3, 34, 2], [3, 33, 4, 32], [11, 13, 12, 12], [40, 40, 41, 39], [26, 43, 27, 0], [25, 43, 26, 42], [31, 5, 32, 4], [30, 5, 31, 6]]}
{"knot_index": 17, "original_crossings": 22, "flipped_indices": [16], "rl_unknot_success": false, "min_crossings_found": 13, "best_pd_list": [[12, 18, 13, 17], [16, 14, 17, 13], [14, 19, 15, 20], [18, 15, 19, 16], [20, 6, 21, 5], [22, 4, 23, 3], [24, 10, 25, 9], [0, 8, 1, 7], [2, 12, 3, 11], [4, 22, 5, 21], [6, 24, 7, 23], [8, 0, 9, 25], [10, 2, 11, 1]], "flipped_pd_list": [[23, 17, 24, 16], [17, 23, 18, 22], [21, 14, 22, 15], [15, 18, 16, 19], [13, 37, 14, 36], [9, 39, 10, 38], [7, 29, 8, 28], [1, 35, 2, 34], [41, 25, 42, 24], [37, 11, 38, 10], [35, 9, 36, 8], [29, 7, 30, 6], [27, 1, 28, 0], [19, 20, 20, 21], [33, 3, 34, 2], [32, 3, 33, 4], [13, 12, 12, 11], [40, 40, 41, 39], [26, 43, 27, 0], [25, 43, 26, 42], [31, 5, 32, 4], [30, 5, 31, 6]]}
{"knot_index": 18, "original_crossings": 22, "flipped_indices": [17], "rl_unknot_success": false, "min_crossings_found": 13, "best_pd_list": [[11, 17, 12, 16], [15, 13, 16, 12], [13, 18, 14, 19], [17, 14, 18, 15], [19, 5, 20, 4], [21, 3, 22, 2], [23, 9, 24, 8], [25, 7, 0, 6], [1, 11, 2, 10], [3, 21, 4, 20], [5, 23, 6, 22], [7, 25, 8, 24], [9, 1, 10, 0]], "flipped_pd_list": [[23, 17, 24, 16], [17, 23, 18, 22], [21, 14, 22, 15], [15, 18, 16, 19], [13, 37, 14, 36], [9, 39, 10, 38], [7, 29, 8, 28], [1, 35, 2, 34], [41, 25, 42, 24], [37, 11, 38, 10], [35, 9, 36, 8], [29, 7, 30, 6], [27, 1, 28, 0], [19, 20, 20, 21], [33, 3, 34, 2], [32, 3, 33, 4], [11, 13, 12, 12], [40, 41, 39, 40], [26, 43, 27, 0], [25, 43, 26, 42], [31, 5, 32, 4], [30, 5, 31, 6]]}
{"knot_index": 19, "original_crossings": 22, "flipped_indices": [18], "rl_unknot_success": false, "min_crossings_found": 15, "best_pd_list": [[15, 21, 16, 20], [19, 17, 20, 16], [17, 22, 18, 23], [21, 18, 22, 19], [23, 7, 24, 6], [25, 5, 26, 4], [27, 11, 28, 10], [29, 9, 0, 8], [3, 15, 4, 14], [5, 25, 6, 24], [7, 27, 8, 26], [11, 1, 12, 0], [1, 13, 2, 12], [13, 3, 14, 2], [9, 29, 10, 28]], "flipped_pd_list": [[23, 17, 24, 16], [17, 23, 18, 22], [21, 14, 22, 15], [15, 18, 16, 19], [13, 37, 14, 36], [9, 39, 10, 38], [7, 29, 8, 28], [1, 35, 2, 34], [41, 25, 42, 24], [37, 11, 38, 10], [35, 9, 36, 8], [29, 7, 30, 6], [27, 1, 28, 0], [19, 20, 20, 21], [33, 3, 34, 2], [32, 3, 33, 4], [11, 13, 12, 12], [40, 40, 41, 39], [43, 27, 0, 26], [25, 43, 26, 42], [31, 5, 32, 4], [30, 5, 31, 6]]}
{"knot_index": 20, "original_crossings": 22, "flipped_indices": [19], "rl_unknot_success": false, "min_crossings_found": 11, "best_pd_list": [[8, 14, 9, 13], [12, 10, 13, 9], [10, 15, 11, 16], [14, 11, 15, 12], [16, 4, 17, 3], [18, 2, 19, 1], [20, 8, 21, 7], [0, 6, 1, 5], [2, 18, 3, 17], [4, 20, 5, 19], [6, 0, 7, 21]], "flipped_pd_list": [[23, 17, 24, 16], [17, 23, 18, 22], [21, 14, 22, 15], [15, 18, 16, 19], [13, 37, 14, 36], [9, 39, 10, 38], [7, 29, 8, 28], [1, 35, 2, 34], [41, 25, 42, 24], [37, 11, 38, 10], [35, 9, 36, 8], [29, 7, 30, 6], [27, 1, 28, 0], [19, 20, 20, 21], [33, 3, 34, 2], [32, 3, 33, 4], [11, 13, 12, 12], [40, 40, 41, 39], [26, 43, 27, 0], [43, 26, 42, 25], [31, 5, 32, 4], [30, 5, 31, 6]]}
{"knot_index": 21, "original_crossings": 22, "flipped_indices": [20], "rl_unknot_success": false, "min_crossings_found": 11, "best_pd_list": [[9, 15, 10, 14], [13, 11, 14, 10], [11, 16, 12, 17], [15, 12, 16, 13], [17, 5, 18, 4], [19, 3, 20, 2], [21, 7, 0, 6], [1, 9, 2, 8], [3, 19, 4, 18], [5, 21, 6, 20], [7, 1, 8, 0]], "flipped_pd_list": [[23, 17, 24, 16], [17, 23, 18, 22], [21, 14, 22, 15], [15, 18, 16, 19], [13, 37, 14, 36], [9, 39, 10, 38], [7, 29, 8, 28], [1, 35, 2, 34], [41, 25, 42, 24], [37, 11, 38, 10], [35, 9, 36, 8], [29, 7, 30, 6], [27, 1, 28, 0], [19, 20, 20, 21], [33, 3, 34, 2], [32, 3, 33, 4], [11, 13, 12, 12], [40, 40, 41, 39], [26, 43, 27, 0], [25, 43, 26, 42], [5, 32, 4, 31], [30, 5, 31, 6]]}
{"knot_index": 22, "original_crossings": 22, "flipped_indices": [21], "rl_unknot_success": false, "min_crossings_found": 15, "best_pd_list": [[13, 19, 14, 18], [17, 15, 18, 14], [15, 20, 16, 21], [19, 16, 20, 17], [21, 5, 22, 4], [23, 3, 24, 2], [25, 11, 26, 10], [29, 7, 0, 6], [1, 13, 2, 12], [3, 23, 4, 22], [5, 25, 6, 24], [9, 27, 10, 26], [11, 1, 12, 0], [7, 29, 8, 28], [27, 9, 28, 8]], "flipped_pd_list": [[23, 17, 24, 16], [17, 23, 18, 22], [21, 14, 22, 15], [15, 18, 16, 19], [13, 37, 14, 36], [9, 39, 10, 38], [7, 29, 8, 28], [1, 35, 2, 34], [41, 25, 42, 24], [37, 11, 38, 10], [35, 9, 36, 8], [29, 7, 30, 6], [27, 1, 28, 0], [19, 20, 20, 21], [33, 3, 34, 2], [32, 3, 33, 4], [11, 13, 12, 12], [40, 40, 41, 39], [26, 43, 27, 0], [25, 43, 26, 42], [31, 5, 32, 4], [5, 31, 6, 30]]}
{"knot_index": 23, "original_crossings": 22, "flipped_indices": [0], "rl_unknot_success": false, "min_crossings_found": 9, "best_pd_list": [[11, 5, 12, 4], [13, 3, 14, 2], [15, 9, 16, 8], [17, 7, 0, 6], [1, 11, 2, 10], [5, 15, 6, 14], [7, 17, 8, 16], [9, 1, 10, 0], [3, 13, 4, 12]], "flipped_pd_list": [[19, 26, 18, 25], [19, 23, 20, 22], [21, 16, 22, 17], [17, 20, 18, 21], [15, 35, 16, 34], [9, 41, 10, 40], [7, 31, 8, 30], [3, 33, 4, 32], [43, 29, 0, 28], [39, 15, 40, 14], [33, 9, 34, 8], [31, 5, 32, 4], [29, 1, 30, 0], [2, 1, 3, 2], [26, 35, 27, 36], [27, 37, 28, 36], [42, 11, 43, 12], [41, 11, 42, 10], [38, 13, 39, 14], [37, 13, 38, 12], [24, 24, 25, 23], [5, 7, 6, 6]]}
{"knot_index": 24, "original_crossings": 22, "flipped_indices": [1], "rl_unknot_success": false, "min_crossings_found": 9, "best_pd_list": [[11, 5, 12, 4], [13, 3, 14, 2], [15, 9, 16, 8], [17, 7, 0, 6], [1, 11, 2, 10], [3, 13, 4, 12], [5, 15, 6, 14], [7, 17, 8, 16], [9, 1, 10, 0]], "flipped_pd_list": [[25, 19, 26, 18], [23, 20, 22, 19], [21, 16, 22, 17], [17, 20, 18, 21], [15, 35, 16, 34], [9, 41, 10, 40], [7, 31, 8, 30], [3, 33, 4, 32], [43, 29, 0, 28], [39, 15, 40, 14], [33, 9, 34, 8], [31, 5, 32, 4], [29, 1, 30, 0], [2, 1, 3, 2], [26, 35, 27, 36], [27, 37, 28, 36], [42, 11, 43, 12], [41, 11, 42, 10], [38, 13, 39, 14], [37, 13, 38, 12], [24, 24, 25, 23], [5, 7, 6, 6]]}
{"knot_index": 25, "original_crossings": 22, "flipped_indices": [2], "rl_unknot_success": false, "min_crossings_found": 9, "best_pd_list": [[11, 5, 12, 4], [13, 3, 14, 2], [15, 9, 16, 8], [17, 7, 0, 6], [1, 11, 2, 10], [3, 13, 4, 12], [5, 15, 6, 14], [7, 17, 8, 16], [9, 1, 10, 0]], "flipped_pd_list": [[25, 19, 26, 18], [19, 23, 20, 22], [16, 22, 17, 21], [17, 20, 18, 21], [15, 35, 16, 34], [9, 41, 10, 40], [7, 31, 8, 30], [3, 33, 4, 32], [43, 29, 0, 28], [39, 15, 40, 14], [33, 9, 34, 8], [31, 5, 32, 4], [29, 1, 30, 0], [2, 1, 3, 2], [26, 35, 27, 36], [27, 37, 28, 36], [42, 11, 43, 12], [41, 11, 42, 10], [38, 13, 39, 14], [37, 13, 38, 12], [24, 24, 25, 23], [5, 7, 6, 6]]}
{"knot_index": 26, "original_crossings": 22, "flipped_indices": [3], "rl_unknot_success": false, "min_crossings_found": 9, "best_pd_list": [[11, 5, 12, 4], [13, 3, 14, 2], [15, 9, 16, 8], [17, 7, 0, 6], [1, 11, 2, 10], [5, 15, 6, 14], [7, 17, 8, 16], [9, 1, 10, 0], [3, 13, 4, 12]], "flipped_pd_list": [[25, 19, 26, 18], [19, 23, 20, 22], [21, 16, 22, 17], [20, 18, 21, 17], [15, 35, 16, 34], [9, 41, 10, 40], [7, 31, 8, 30], [3, 33, 4, 32], [43, 29, 0, 28], [39, 15, 40, 14], [33, 9, 34, 8], [31, 5, 32, 4], [29, 1, 30, 0], [2, 1, 3, 2], [26, 35, 27, 36], [27, 37, 28, 36], [42, 11, 43, 12], [41, 11, 42, 10], [38, 13, 39, 14], [37, 13, 38, 12], [24, 24, 25, 23], [5, 7, 6, 6]]}
{"knot_index": 27, "original_crossings": 22, "flipped_indices": [4], "rl_unknot_success": false, "min_crossings_found": 11, "best_pd_list": [[9, 15, 10, 14], [13, 11, 14, 10], [11, 16, 12, 17], [15, 12, 16, 13], [17, 3, 18, 2], [19, 7, 20, 6], [21, 5, 0, 4], [1, 9, 2, 8], [3, 19, 4, 18], [5, 21, 6, 20], [7, 1, 8, 0]], "flipped_pd_list": [[25, 19, 26, 18], [19, 23, 20, 22], [21, 16, 22, 17], [17, 20, 18, 21], [35, 16, 34, 15], [9, 41, 10, 40], [7, 31, 8, 30], [3, 33, 4, 32], [43, 29, 0, 28], [39, 15, 40, 14], [33, 9, 34, 8], [31, 5, 32, 4], [29, 1, 30, 0], [2, 1, 3, 2], [26, 35, 27, 36], [27, 37, 28, 36], [42, 11, 43, 12], [41, 11, 42, 10], [38, 13, 39, 14], [37, 13, 38, 12], [24, 24, 25, 23], [5, 7, 6, 6]]}
{"knot_index": 28, "original_crossings": 22, "flipped_indices": [5], "rl_unknot_success": false, "min_crossings_found": 11, "best_pd_list": [[9, 15, 10, 14], [13, 11, 14, 10], [11, 16, 12, 17], [15, 12, 16, 13], [17, 3, 18, 2], [19, 7, 20, 6], [21, 5, 0, 4], [1, 9, 2, 8], [3, 19, 4, 18], [5, 21, 6, 20], [7, 1, 8, 0]], "flipped_pd_list": [[25, 19, 26, 18], [19, 23, 20, 22], [21, 16, 22, 17], [17, 20, 18, 21], [15, 35, 16, 34], [41, 10, 40, 9], [7, 31, 8, 30], [3, 33, 4, 32], [43, 29, 0, 28], [39, 15, 40, 14], [33, 9, 34, 8], [31, 5, 32, 4], [29, 1, 30, 0], [2, 1, 3, 2], [26, 35, 27, 36], [27, 37, 28, 36], [42, 11, 43, 12], [41, 11, 42, 10], [38, 13, 39, 14], [37, 13, 38, 12], [24, 24, 25, 23], [5, 7, 6, 6]]}
{"knot_index": 29, "original_crossings": 22, "flipped_indices": [6], "rl_unknot_success": false, "min_crossings_found": 11, "best_pd_list": [[9, 15, 10, 14], [13, 11, 14, 10], [11, 16, 12, 17], [15, 12, 16, 13], [17, 5, 18, 4], [19, 3, 20, 2], [21, 7, 0, 6], [1, 9, 2, 8], [3, 19, 4, 18], [5, 21, 6, 20], [7, 1, 8, 0]], "flipped_pd_list": [[25, 19, 26, 18], [19, 23, 20, 22], [21, 16, 22, 17], [17, 20, 18, 21], [15, 35, 16, 34], [9, 41, 10, 40], [31, 8, 30, 7], [3, 33, 4, 32], [43, 29, 0, 28], [39, 15, 40, 14], [33, 9, 34, 8], [31, 5, 32, 4], [29, 1, 30, 0], [2, 1, 3, 2], [26, 35, 27, 36], [27, 37, 28, 36], [42, 11, 43, 12], [41, 11, 42, 10], [38, 13, 39, 14], [37, 13, 38, 12], [24, 24, 25, 23], [5, 7, 6, 6]]}
{"knot_index": 30, "original_crossings": 22, "flipped_indices": [7], "rl_unknot_success": false, "min_crossings_found": 11, "best_pd_list": [[9, 15, 10, 14], [13, 11, 14, 10], [11, 16, 12, 17], [15, 12, 16, 13], [17, 5, 18, 4], [19, 3, 20, 2], [21, 7, 0, 6], [1, 9, 2, 8], [5, 21, 6, 20], [7, 1, 8, 0], [3, 19, 4, 18]], "flipped_pd_list": [[25, 19, 26, 18], [19, 23, 20, 22], [21, 16, 22, 17], [17, 20, 18, 21], [15, 35, 16, 34], [9, 41, 10, 40], [7, 31, 8, 30], [33, 4, 32, 3], [43, 29, 0, 28], [39, 15, 40, 14], [33, 9, 34, 8], [31, 5, 32, 4], [29, 1, 30, 0], [2, 1, 3, 2], [26, 35, 27, 36], [27, 37, 28, 36], [42, 11, 43, 12], [41, 11, 42, 10], [38, 13, 39, 14], [37, 13, 38, 12], [24, 24, 25, 23], [5, 7, 6, 6]]}
{"knot_index": 31, "original_crossings": 22, "flipped_indices": [8], "rl_unknot_success": false, "min_crossings_found": 11, "best_pd_list": [[8, 14, 9, 13], [12, 10, 13, 9], [10, 15, 11, 16], [14, 11, 15, 12], [16, 4, 17, 3], [18, 2, 19, 1], [20, 8, 21, 7], [0, 6, 1, 5], [4, 20, 5, 19], [6, 0, 7, 21], [2, 18, 3, 17]], "flipped_pd_list": [[25, 19, 26, 18], [19, 23, 20, 22], [21, 16, 22, 17], [17, 20, 18, 21], [15, 35, 16, 34], [9, 41, 10, 40], [7, 31, 8, 30], [3, 33, 4, 32], [29, 0, 28, 43], [39, 15, 40, 14], [33, 9, 34, 8], [31, 5, 32, 4], [29, 1, 30, 0], [2, 1, 3, 2], [26, 35, 27, 36], [27, 37, 28, 36], [42, 11, 43, 12], [41, 11, 42, 10], [38, 13, 39, 14], [37, 13, 38, 12], [24, 24, 25, 23], [5, 7, 6, 6]]}
{"knot_index": 32, "original_crossings": 22, "flipped_indices": [9], "rl_unknot_success": false, "min_crossings_found": 11, "best_pd_list": [[9, 15, 10, 14], [13, 11, 14, 10], [11, 16, 12, 17], [15, 12, 16, 13], [17, 3, 18, 2], [19, 7, 20, 6], [21, 5, 0, 4], [1, 9, 2, 8], [3, 19, 4, 18], [5, 21, 6, 20], [7, 1, 8, 0]], "flipped_pd_list": [[25, 19, 26, 18], [19, 23, 20, 22], [21, 16, 22, 17], [17, 20, 18, 21], [15, 35, 16, 34], [9, 41, 10, 40], [7, 31, 8, 30], [3, 33, 4, 32], [43, 29, 0, 28], [15, 40, 14, 39], [33, 9, 34, 8], [31, 5, 32, 4], [29, 1, 30, 0], [2, 1, 3, 2], [26, 35, 27, 36], [27, 37, 28, 36], [42, 11, 43, 12], [41, 11, 42, 10], [38, 13, 39, 14], [37, 13, 38, 12], [24, 24, 25, 23], [5, 7, 6, 6]]}
{"knot_index": 33, "original_crossings": 22, "flipped_indices": [10], "rl_unknot_success": false, "min_crossings_found": 11, "best_pd_list": [[11, 17, 12, 16], [15, 13, 16, 12], [13, 18, 14, 19], [17, 14, 18, 15], [20, 4, 21, 3], [0, 8, 1, 7], [2, 10, 3, 9], [6, 2, 7, 1], [4, 20, 5, 19], [10, 6, 11, 5], [8, 0, 9, 21]], "flipped_pd_list": [[25, 19, 26, 18], [19, 23, 20, 22], [21, 16, 22, 17], [17, 20, 18, 21], [15, 35, 16, 34], [9, 41, 10, 40], [7, 31, 8, 30], [3, 33, 4, 32], [43, 29, 0, 28], [39, 15, 40, 14], [9, 34, 8, 33], [31, 5, 32, 4], [29, 1, 30, 0], [2, 1, 3, 2], [26, 35, 27, 36], [27, 37, 28, 36], [42, 11, 43, 12], [41, 11, 42, 10], [38, 13, 39, 14], [37, 13, 38, 12], [24, 24, 25, 23], [5, 7, 6, 6]]}
{"knot_index": 34, "original_crossings": 22, "flipped_indices": [11], "rl_unknot_success": false, "min_crossings_found": 11, "best_pd_list": [[9, 15, 10, 14], [13, 11, 14, 10], [11, 16, 12, 17], [15, 12, 16, 13], [17, 5, 18, 4], [19, 3, 20, 2], [21, 7, 0, 6], [1, 9, 2, 8], [5, 21, 6, 20], [7, 1, 8, 0], [3, 19, 4, 18]], "flipped_pd_list": [[25, 19, 26, 18], [19, 23, 20, 22], [21, 16, 22, 17], [17, 20, 18, 21], [15, 35, 16, 34], [9, 41, 10, 40], [7, 31, 8, 30], [3, 33, 4, 32], [43, 29, 0, 28], [39, 15, 40, 14], [33, 9, 34, 8], [5, 32, 4, 31], [29, 1, 30, 0], [2, 1, 3, 2], [26, 35, 27, 36], [27, 37, 28, 36], [42, 11, 43, 12], [41, 11, 42, 10], [38, 13, 39, 14], [37, 13, 38, 12], [24, 24, 25, 23], [5, 7, 6, 6]]}
{"knot_index": 35, "original_crossings": 22, "flipped_indices": [12], "rl_unknot_success": false, "min_crossings_found": 11, "best_pd_list": [[8, 14, 9, 13], [12, 10, 13, 9], [10, 15, 11, 16], [14, 11, 15, 12], [16, 4, 17, 3], [18, 2, 19, 1], [20, 8, 21, 7], [0, 6, 1, 5], [2, 18, 3, 17], [4, 20, 5, 19], [6, 0, 7, 21]], "flipped_pd_list": [[25, 19, 26, 18], [19, 23, 20, 22], [21, 16, 22, 17], [17, 20, 18, 21], [15, 35, 16, 34], [9, 41, 10, 40], [7, 31, 8, 30], [3, 33, 4, 32], [43, 29, 0, 28], [39, 15, 40, 14], [33, 9, 34, 8], [31, 5, 32, 4], [1, 30, 0, 29], [2, 1, 3, 2], [26, 35, 27, 36], [27, 37, 28, 36], [42, 11, 43, 12], [41, 11, 42, 10], [38, 13, 39, 14], [37, 13, 38, 12], [24, 24, 25, 23], [5, 7, 6, 6]]}
{"knot_index": 36, "original_crossings": 22, "flipped_indices": [13], "rl_unknot_success": false, "min_crossings_found": 13, "best_pd_list": [[11, 17, 12, 16], [15, 13, 16, 12], [13, 18, 14, 19], [17, 14, 18, 15], [19, 5, 20, 4], [21, 3, 22, 2], [23, 9, 24, 8], [25, 7, 0, 6], [1, 11, 2, 10], [5, 23, 6, 22], [7, 25, 8, 24], [9, 1, 10, 0], [3, 21, 4, 20]], "flipped_pd_list": [[25, 19, 26, 18], [19, 23, 20, 22], [21, 16, 22, 17], [17, 20, 18, 21], [15, 35, 16, 34], [9, 41, 10, 40], [7, 31, 8, 30], [3, 33, 4, 32], [43, 29, 0, 28], [39, 15, 40, 14], [33, 9, 34, 8], [31, 5, 32, 4], [29, 1, 30, 0], [1, 3, 2, 2], [26, 35, 27, 36], [27, 37, 28, 36], [42, 11, 43, 12], [41, 11, 42, 10], [38, 13, 39, 14], [37, 13, 38, 12], [24, 24, 25, 23], [5, 7, 6, 6]]}
{"knot_index": 37, "original_crossings": 22, "flipped_indices": [14], "rl_unknot_success": false, "min_crossings_found": 15, "best_pd_list": [[15, 21, 16, 20], [19, 17, 20, 16], [17, 22, 18, 23], [21, 18, 22, 19], [23, 7, 24, 6], [25, 3, 26, 2], [27, 11, 28, 10], [29, 9, 0, 8], [1, 13, 2, 12], [7, 27, 8, 26], [9, 29, 10, 28], [11, 1, 12, 0], [5, 15, 6, 14], [13, 5, 14, 4], [3, 25, 4, 24]], "flipped_pd_list": [[25, 19, 26, 18], [19, 23, 20, 22], [21, 16, 22, 17], [17, 20, 18, 21], [15, 35, 16, 34], [9, 41, 10, 40], [7, 31, 8, 30], [3, 33, 4, 32], [43, 29, 0, 28], [39, 15, 40, 14], [33, 9, 34, 8], [31, 5, 32, 4], [29, 1, 30, 0], [2, 1, 3, 2], [35, 27, 36, 26], [27, 37, 28, 36], [42, 11, 43, 12], [41, 11, 42, 10], [38, 13, 39, 14], [37, 13, 38, 12], [24, 24, 25, 23], [5, 7, 6, 6]]}
{"knot_index": 38, "original_crossings": 22, "flipped_indices": [15], "rl_unknot_success": false, "min_crossings_found": 11, "best_pd_list": [[9, 15, 10, 14], [13, 11, 14, 10], [11, 16, 12, 17], [15, 12, 16, 13], [17, 3, 18, 2], [19, 7, 20, 6], [21, 5, 0, 4], [1, 9, 2, 8], [5, 21, 6, 20], [7, 1, 8, 0], [3, 19, 4, 18]], "flipped_pd_list": [[25, 19, 26, 18], [19, 23, 20, 22], [21, 16, 22, 17], [17, 20, 18, 21], [15, 35, 16, 34], [9, 41, 10, 40], [7, 31, 8, 30], [3, 33, 4, 32], [43, 29, 0, 28], [39, 15, 40, 14], [33, 9, 34, 8], [31, 5, 32, 4], [29, 1, 30, 0], [2, 1, 3, 2], [26, 35, 27, 36], [37, 28, 36, 27], [42, 11, 43, 12], [41, 11, 42, 10], [38, 13, 39, 14], [37, 13, 38, 12], [24, 24, 25, 23], [5, 7, 6, 6]]}
{"knot_index": 39, "original_crossings": 22, "flipped_indices": [16], "rl_unknot_success": false, "min_crossings_found": 15, "best_pd_list": [[13, 19, 14, 18], [17, 15, 18, 14], [15, 20, 16, 21], [19, 16, 20, 17], [21, 7, 22, 6], [25, 5, 26, 4], [27, 11, 28, 10], [29, 9, 0, 8], [1, 13, 2, 12], [5, 23, 6, 22], [7, 27, 8, 26], [9, 29, 10, 28], [11, 1, 12, 0], [23, 3, 24, 2], [3, 25, 4, 24]], "flipped_pd_list": [[25, 19, 26, 18], [19, 23, 20, 22], [21, 16, 22, 17], [17, 20, 18, 21], [15, 35, 16, 34], [9, 41, 10, 40], [7, 31, 8, 30], [3, 33, 4, 32], [43, 29, 0, 28], [39, 15, 40, 14], [33, 9, 34, 8], [31, 5, 32, 4], [29, 1, 30, 0], [2, 1, 3, 2], [26, 35, 27, 36], [27, 37, 28, 36], [11, 43, 12, 42], [41, 11, 42, 10], [38, 13, 39, 14], [37, 13, 38, 12], [24, 24, 25, 23], [5, 7, 6, 6]]}
{"knot_index": 40, "original_crossings": 22, "flipped_indices": [17], "rl_unknot_success": false, "min_crossings_found": 11, "best_pd_list": [[9, 15, 10, 14], [13, 11, 14, 10], [11, 16, 12, 17], [15, 12, 16, 13], [17, 3, 18, 2], [19, 7, 20, 6], [21, 5, 0, 4], [1, 9, 2, 8], [3, 19, 4, 18], [5, 21, 6, 20], [7, 1, 8, 0]], "flipped_pd_list": [[25, 19, 26, 18], [19, 23, 20, 22], [21, 16, 22, 17], [17, 20, 18, 21], [15, 35, 16, 34], [9, 41, 10, 40], [7, 31, 8, 30], [3, 33, 4, 32], [43, 29, 0, 28], [39, 15, 40, 14], [33, 9, 34, 8], [31, 5, 32, 4], [29, 1, 30, 0], [2, 1, 3, 2], [26, 35, 27, 36], [27, 37, 28, 36], [42, 11, 43, 12], [11, 42, 10, 41], [38, 13, 39, 14], [37, 13, 38, 12], [24, 24, 25, 23], [5, 7, 6, 6]]}
{"knot_index": 41, "original_crossings": 22, "flipped_indices": [18], "rl_unknot_success": false, "min_crossings_found": 15, "best_pd_list": [[13, 19, 14, 18], [17, 15, 18, 14], [15, 20, 16, 21], [19, 16, 20, 17], [21, 7, 22, 6], [25, 3, 26, 2], [27, 11, 28, 10], [29, 9, 0, 8], [1, 13, 2, 12], [3, 23, 4, 22], [7, 27, 8, 26], [9, 29, 10, 28], [11, 1, 12, 0], [23, 5, 24, 4], [5, 25, 6, 24]], "flipped_pd_list": [[25, 19, 26, 18], [19, 23, 20, 22], [21, 16, 22, 17], [17, 20, 18, 21], [15, 35, 16, 34], [9, 41, 10, 40], [7, 31, 8, 30], [3, 33, 4, 32], [43, 29, 0, 28], [39, 15, 40, 14], [33, 9, 34, 8], [31, 5, 32, 4], [29, 1, 30, 0], [2, 1, 3, 2], [26, 35, 27, 36], [27, 37, 28, 36], [42, 11, 43, 12], [41, 11, 42, 10], [13, 39, 14, 38], [37, 13, 38, 12], [24, 24, 25, 23], [5, 7, 6, 6]]}
{"knot_index": 42, "original_crossings": 22, "flipped_indices": [19], "rl_unknot_success": false, "min_crossings_found": 11, "best_pd_list": [[9, 15, 10, 14], [13, 11, 14, 10], [11, 16, 12, 17], [15, 12, 16, 13], [17, 3, 18, 2], [19, 7, 20, 6], [21, 5, 0, 4], [1, 9, 2, 8], [3, 19, 4, 18], [5, 21, 6, 20], [7, 1, 8, 0]], "flipped_pd_list": [[25, 19, 26, 18], [19, 23, 20, 22], [21, 16, 22, 17], [17, 20, 18, 21], [15, 35, 16, 34], [9, 41, 10, 40], [7, 31, 8, 30], [3, 33, 4, 32], [43, 29, 0, 28], [39, 15, 40, 14], [33, 9, 34, 8], [31, 5, 32, 4], [29, 1, 30, 0], [2, 1, 3, 2], [26, 35, 27, 36], [27, 37, 28, 36], [42, 11, 43, 12], [41, 11, 42, 10], [38, 13, 39, 14], [13, 38, 12, 37], [24, 24, 25, 23], [5, 7, 6, 6]]}
{"knot_index": 43, "original_crossings": 22, "flipped_indices": [20], "rl_unknot_success": false, "min_crossings_found": 13, "best_pd_list": [[11, 17, 12, 16], [15, 13, 16, 12], [13, 18, 14, 19], [17, 14, 18, 15], [19, 5, 20, 4], [21, 3, 22, 2], [23, 9, 24, 8], [25, 7, 0, 6], [1, 11, 2, 10], [3, 21, 4, 20], [5, 23, 6, 22], [7, 25, 8, 24], [9, 1, 10, 0]], "flipped_pd_list": [[25, 19, 26, 18], [19, 23, 20, 22], [21, 16, 22, 17], [17, 20, 18, 21], [15, 35, 16, 34], [9, 41, 10, 40], [7, 31, 8, 30], [3, 33, 4, 32], [43, 29, 0, 28], [39, 15, 40, 14], [33, 9, 34, 8], [31, 5, 32, 4], [29, 1, 30, 0], [2, 1, 3, 2], [26, 35, 27, 36], [27, 37, 28, 36], [42, 11, 43, 12], [41, 11, 42, 10], [38, 13, 39, 14], [37, 13, 38, 12], [24, 25, 23, 24], [5, 7, 6, 6]]}
{"knot_index": 44, "original_crossings": 22, "flipped_indices": [21], "rl_unknot_success": false, "min_crossings_found": 13, "best_pd_list": [[11, 17, 12, 16], [15, 13, 16, 12], [13, 18, 14, 19], [17, 14, 18, 15], [19, 5, 20, 4], [21, 3, 22, 2], [23, 9, 24, 8], [25, 7, 0, 6], [1, 11, 2, 10], [3, 21, 4, 20], [5, 23, 6, 22], [7, 25, 8, 24], [9, 1, 10, 0]], "flipped_pd_list": [[25, 19, 26, 18], [19, 23, 20, 22], [21, 16, 22, 17], [17, 20, 18, 21], [15, 35, 16, 34], [9, 41, 10, 40], [7, 31, 8, 30], [3, 33, 4, 32], [43, 29, 0, 28], [39, 15, 40, 14], [33, 9, 34, 8], [31, 5, 32, 4], [29, 1, 30, 0], [2, 1, 3, 2], [26, 35, 27, 36], [27, 37, 28, 36], [42, 11, 43, 12], [41, 11, 42, 10], [38, 13, 39, 14], [37, 13, 38, 12], [24, 24, 25, 23], [7, 6, 6, 5]]}
{"knot_index": 45, "original_crossings": 25, "flipped_indices": [0], "rl_unknot_success": false, "min_crossings_found": 9, "best_pd_list": [[15, 9, 16, 8], [17, 7, 0, 6], [1, 11, 2, 10], [3, 13, 4, 12], [5, 15, 6, 14], [7, 17, 8, 16], [9, 1, 10, 0], [11, 5, 12, 4], [13, 3, 14, 2]], "flipped_pd_list": [[23, 30, 22, 29], [23, 29, 24, 28], [27, 18, 28, 19], [19, 26, 20, 27], [17, 39, 18, 38], [7, 49, 8, 48], [5, 33, 6, 32], [1, 37, 2, 36], [49, 31, 0, 30], [41, 15, 42, 14], [37, 7, 38, 6], [35, 3, 36, 2], [31, 1, 32, 0], [3, 35, 4, 34], [4, 33, 5, 34], [47, 9, 48, 8], [46, 9, 47, 10], [15, 41, 16, 40], [16, 39, 17, 40], [11, 45, 12, 44], [10, 45, 11, 46], [43, 13, 44, 12], [42, 13, 43, 14], [24, 22, 25, 21], [25, 20, 26, 21]]}
{"knot_index": 46, "original_crossings": 25, "flipped_indices": [1], "rl_unknot_success": false, "min_crossings_found": 9, "best_pd_list": [[11, 5, 12, 4], [17, 7, 0, 6], [1, 11, 2, 10], [5, 15, 6, 14], [7, 17, 8, 16], [9, 1, 10, 0], [15, 9, 16, 8], [13, 3, 14, 2], [3, 13, 4, 12]], "flipped_pd_list": [[29, 23, 30, 22], [29, 24, 28, 23], [27, 18, 28, 19], [19, 26, 20, 27], [17, 39, 18, 38], [7, 49, 8, 48], [5, 33, 6, 32], [1, 37, 2, 36], [49, 31, 0, 30], [41, 15, 42, 14], [37, 7, 38, 6], [35, 3, 36, 2], [31, 1, 32, 0], [3, 35, 4, 34], [4, 33, 5, 34], [47, 9, 48, 8], [46, 9, 47, 10], [15, 41, 16, 40], [16, 39, 17, 40], [11, 45, 12, 44], [10, 45, 11, 46], [43, 13, 44, 12], [42, 13, 43, 14], [24, 22, 25, 21], [25, 20, 26, 21]]}
{"knot_index": 47, "original_crossings": 25, "flipped_indices": [2], "rl_unknot_success": false, "min_crossings_found": 9, "best_pd_list": [[13, 3, 14, 2], [15, 9, 16, 8], [17, 7, 0, 6], [1, 11, 2, 10], [3, 13, 4, 12], [5, 15, 6, 14], [7, 17, 8, 16], [9, 1, 10, 0], [11, 5, 12, 4]], "flipped_pd_list": [[29, 23, 30, 22], [23, 29, 24, 28], [18, 28, 19, 27], [19, 26, 20, 27], [17, 39, 18, 38], [7, 49, 8, 48], [5, 33, 6, 32], [1, 37, 2, 36], [49, 31, 0, 30], [41, 15, 42, 14], [37, 7, 38, 6], [35, 3, 36, 2], [31, 1, 32, 0], [3, 35, 4, 34], [4, 33, 5, 34], [47, 9, 48, 8], [46, 9, 47, 10], [15, 41, 16, 40], [16, 39, 17, 40], [11, 45, 12, 44], [10, 45, 11, 46], [43, 13, 44, 12], [42, 13, 43, 14], [24, 22, 25, 21], [25, 20, 26, 21]]}
{"knot_index": 48, "original_crossings": 25, "flipped_indices": [3], "rl_unknot_success": false, "min_crossings_found": 9, "best_pd_list": [[13, 3, 14, 2], [17, 7, 0, 6], [1, 11, 2, 10], [3, 13, 4, 12], [5, 15, 6, 14], [7, 17, 8, 16], [9, 1, 10, 0], [15, 9, 16, 8], [11, 5, 12, 4]], "flipped_pd_list": [[29, 23, 30, 22], [23, 29, 24, 28], [27, 18, 28, 19], [26, 20, 27, 19], [17, 39, 18, 38], [7, 49, 8, 48], [5, 33, 6, 32], [1, 37, 2, 36], [49, 31, 0, 30], [41, 15, 42, 14], [37, 7, 38, 6], [35, 3, 36, 2], [31, 1, 32, 0], [3, 35, 4, 34], [4, 33, 5, 34], [47, 9, 48, 8], [46, 9, 47, 10], [15, 41, 16, 40], [16, 39, 17, 40], [11, 45, 12, 44], [10, 45, 11, 46], [43, 13, 44, 12], [42, 13, 43, 14], [24, 22, 25, 21], [25, 20, 26, 21]]}
{"knot_index": 49, "original_crossings": 25, "flipped_indices": [4], "rl_unknot_success": false, "min_crossings_found": 11, "best_pd_list": [[9, 15, 10, 14], [13, 11, 14, 10], [11, 16, 12, 17], [15, 12, 16, 13], [17, 3, 18, 2], [21, 5, 0, 4], [1, 9, 2, 8], [3, 19, 4, 18], [5, 21, 6, 20], [7, 1, 8, 0], [19, 7, 20, 6]], "flipped_pd_list": [[29, 23, 30, 22], [23, 29, 24, 28], [27, 18, 28, 19], [19, 26, 20, 27], [39, 18, 38, 17], [7, 49, 8, 48], [5, 33, 6, 32], [1, 37, 2, 36], [49, 31, 0, 30], [41, 15, 42, 14], [37, 7, 38, 6], [35, 3, 36, 2], [31, 1, 32, 0], [3, 35, 4, 34], [4, 33, 5, 34], [47, 9, 48, 8], [46, 9, 47, 10], [15, 41, 16, 40], [16, 39, 17, 40], [11, 45, 12, 44], [10, 45, 11, 46], [43, 13, 44, 12], [42, 13, 43, 14], [24, 22, 25, 21], [25, 20, 26, 21]]}
{"knot_index": 50, "original_crossings": 25, "flipped_indices": [5], "rl_unknot_success": false, "min_crossings_found": 11, "best_pd_list": [[9, 15, 10, 14], [13, 11, 14, 10], [11, 16, 12, 17], [15, 12, 16, 13], [19, 7, 20, 6], [21, 5, 0, 4], [1, 9, 2, 8], [3, 19, 4, 18], [5, 21, 6, 20], [7, 1, 8, 0], [17, 3, 18, 2]], "flipped_pd_list": [[29, 23, 30, 22], [23, 29, 24, 28], [27, 18, 28, 19], [19, 26, 20, 27], [17, 39, 18, 38], [49, 8, 48, 7], [5, 33, 6, 32], [1, 37, 2, 36], [49, 31, 0, 30], [41, 15, 42, 14], [37, 7, 38, 6], [35, 3, 36, 2], [31, 1, 32, 0], [3, 35, 4, 34], [4, 33, 5, 34], [47, 9, 48, 8], [46, 9, 47, 10], [15, 41, 16, 40], [16, 39, 17, 40], [11, 45, 12, 44], [10, 45, 11, 46], [43, 13, 44, 12], [42, 13, 43, 14], [24, 22, 25, 21], [25, 20, 26, 21]]}
{"knot_index": 51, "original_crossings": 25, "flipped_indices": [6], "rl_unknot_success": false, "min_crossings_found": 11, "best_pd_list": [[9, 15, 10, 14], [13, 11, 14, 10], [11, 16, 12, 17], [15, 12, 16, 13], [17, 5, 18, 4], [19, 3, 20, 2], [21, 7, 0, 6], [1, 9, 2, 8], [3, 19, 4, 18], [5, 21, 6, 20], [7, 1, 8, 0]], "flipped_pd_list": [[29, 23, 30, 22], [23, 29, 24, 28], [27, 18, 28, 19], [19, 26, 20, 27], [17, 39, 18, 38], [7, 49, 8, 48], [33, 6, 32, 5], [1, 37, 2, 36], [49, 31, 0, 30], [41, 15, 42, 14], [37, 7, 38, 6], [35, 3, 36, 2], [31, 1, 32, 0], [3, 35, 4, 34], [4, 33, 5, 34], [47, 9, 48, 8], [46, 9, 47, 10], [15, 41, 16, 40], [16, 39, 17, 40], [11, 45, 12, 44], [10, 45, 11, 46], [43, 13, 44, 12], [42, 13, 43, 14], [24, 22, 25, 21], [25, 20, 26, 21]]}
{"knot_index": 52, "original_crossings": 25, "flipped_indices": [7], "rl_unknot_success": false, "min_crossings_found": 11, "best_pd_list": [[9, 15, 10, 14], [13, 11, 14, 10], [11, 16, 12, 17], [15, 12, 16, 13], [17, 5, 18, 4], [19, 3, 20, 2], [1, 9, 2, 8], [3, 19, 4, 18], [5, 21, 6, 20], [7, 1, 8, 0], [21, 7, 0, 6]], "flipped_pd_list": [[29, 23, 30, 22], [23, 29, 24, 28], [27, 18, 28, 19], [19, 26, 20, 27], [17, 39, 18, 38], [7, 49, 8, 48], [5, 33, 6, 32], [37, 2, 36, 1], [49, 31, 0, 30], [41, 15, 42, 14], [37, 7, 38, 6], [35, 3, 36, 2], [31, 1, 32, 0], [3, 35, 4, 34], [4, 33, 5, 34], [47, 9, 48, 8], [46, 9, 47, 10], [15, 41, 16, 40], [16, 39, 17, 40], [11, 45, 12, 44], [10, 45, 11, 46], [43, 13, 44, 12], [42, 13, 43, 14], [24, 22, 25, 21], [25, 20, 26, 21]]}
{"knot_index": 53, "original_crossings": 25, "flipped_indices": [8], "rl_unknot_success": false, "min_crossings_found": 11, "best_pd_list": [[8, 14, 9, 13], [12, 10, 13, 9], [10, 15, 11, 16], [14, 11, 15, 12], [16, 4, 17, 3], [18, 2, 19, 1], [0, 6, 1, 5], [2, 18, 3, 17], [4, 20, 5, 19], [6, 0, 7, 21], [20, 8, 21, 7]], "flipped_pd_list": [[29, 23, 30, 22], [23, 29, 24, 28], [27, 18, 28, 19], [19, 26, 20, 27], [17, 39, 18, 38], [7, 49, 8, 48], [5, 33, 6, 32], [1, 37, 2, 36], [31, 0, 30, 49], [41, 15, 42, 14], [37, 7, 38, 6], [35, 3, 36, 2], [31, 1, 32, 0], [3, 35, 4, 34], [4, 33, 5, 34], [47, 9, 48, 8], [46, 9, 47, 10], [15, 41, 16, 40], [16, 39, 17, 40], [11, 45, 12, 44], [10, 45, 11, 46], [43, 13, 44, 12], [42, 13, 43, 14], [24, 22, 25, 21], [25, 20, 26, 21]]}
{"knot_index": 54, "original_crossings": 25, "flipped_indices": [9], "rl_unknot_success": false, "min_crossings_found": 11, "best_pd_list": [[9, 15, 10, 14], [13, 11, 14, 10], [11, 16, 12, 17], [15, 12, 16, 13], [17, 3, 18, 2], [21, 5, 0, 4], [1, 9, 2, 8], [3, 19, 4, 18], [5, 21, 6, 20], [7, 1, 8, 0], [19, 7, 20, 6]], "flipped_pd_list": [[29, 23, 30, 22], [23, 29, 24, 28], [27, 18, 28, 19], [19, 26, 20, 27], [17, 39, 18, 38], [7, 49, 8, 48], [5, 33, 6, 32], [1, 37, 2, 36], [49, 31, 0, 30], [15, 42, 14, 41], [37, 7, 38, 6], [35, 3, 36, 2], [31, 1, 32, 0], [3, 35, 4, 34], [4, 33, 5, 34], [47, 9, 48, 8], [46, 9, 47, 10], [15, 41, 16, 40], [16, 39, 17, 40], [11, 45, 12, 44], [10, 45, 11, 46], [43, 13, 44, 12], [42, 13, 43, 14], [24, 22, 25, 21], [25, 20, 26, 21]]}
